101.74253795999999
98.62228212
110.35284048
97.29382656
107.29785708
414.22731132
437.762937
400.12617828
291.88853315999995
106.93997856
46.355773680000006
47.880942239999996
110.20762896
100.21860096
104.6586354
50.75869368
50.6100114
102.18405024
102.27921588
101.08404804
46.553662200000005
54.02718372
110.80549271999999
97.4573994
103.89523944
51.21229764
49.63708332
105.24692664
100.36498800000001
105.26713548
102.06486936
97.77956292
57.76271292
46.031147159999996
115.74570636
89.67212652
112.99077456
95.79172176
106.47137196
94.69821311999999
110.37920688
97.96345644
105.72622536
103.0595736
97.43618316
103.14527867999999
105.07540464
424.41075708
185.26310483999998
209.90242727999998
105.8440068
102.73410744
107.22721056
102.2727222
60.9529434
44.715678839999995
48.4203072
51.29066928
95.86421556
107.49473784
48.8752548
52.531460519999996
105.9000426
101.51089368
107.59281444
100.38810768
97.46294136
104.60774988
106.5916164
44.49506256
55.955966399999994
105.40814843999999
100.74262739999999
104.71103256
101.14999212
95.98149312
104.86766376
107.59522163999999
99.76337351999999
104.31156096
102.2938266
105.48679992
100.40792448
104.1367362
99.66977544000001
101.70217644
98.20803204
104.5926912
102.6553998
107.28806064
99.84191316
99.01425252
143.44947264
77.82932892
203.98351956
201.25484219999998
206.19427223999998
208.69399224
104.50480307999999
108.24201167999999
96.75367776
96.93292512000001
98.95373832
102.06800424
104.66171424
100.7782866
63.767157839999996
47.76136944
97.91783292
107.43394391999999
104.4048792
98.79531564
100.73350272
98.85359052
106.94328132
106.211346
106.19298456
103.681005
99.76292568000001
105.5803422
101.98789716
97.44329256
103.53786468
105.14319624
100.69913112
55.22056032
53.8870104
101.258481
100.55834208
100.37741555999999
104.91614231999999
102.55838688
103.69270464
104.99708903999999
106.22953944
99.21650736
98.98514292
98.92390116
111.45698508000001
104.30182044
105.31264704
96.692436
103.53736092
103.83147852
109.59845712
93.01249476
104.96680392
100.00000007999999
70.87613916000001
42.09190752
101.47613028
100.0770282
99.72178056
107.44407624
98.52168648
106.94787168
104.58328668
